0 0.479000 0.408000 0.054000 0.165333
0 0.537000 0.480000 0.046000 0.154667
0 0.648000 0.632000 0.056000 0.170667
0 0.563000 0.758667 0.054000 0.178667
0 0.373000 0.097333 0.050000 0.141333
0 0.534000 0.169333 0.060000 0.141333
0 0.779000 0.252000 0.046000 0.152000
0 0.833000 0.365333 0.054000 0.144000
0 0.946000 0.446667 0.048000 0.146667
0 0.747000 0.445333 0.054000 0.181333
0 0.826000 0.568000 0.052000 0.149333
0 0.739000 0.765333 0.054000 0.192000
0 0.849000 0.186667 0.054000 0.186667
0 0.593000 0.406667 0.046000 0.141333
