0 0.575000 0.778320 0.044000 0.183796
0 0.620750 0.802701 0.030500 0.171043
0 0.856750 0.847337 0.060500 0.192798
0 0.910000 0.654164 0.040000 0.150038
0 0.961250 0.475244 0.032500 0.137284
0 0.880250 0.499625 0.045500 0.132033
0 0.557750 0.447487 0.035500 0.119280
0 0.517500 0.457614 0.027000 0.127532
0 0.455250 0.471493 0.034500 0.117779
0 0.354750 0.523256 0.025500 0.117779
0 0.148000 0.692423 0.041000 0.165041
0 0.118000 0.870218 0.050000 0.180045
0 0.075250 0.606902 0.033500 0.144036
0 0.041000 0.604651 0.039000 0.157539
0 0.181750 0.427232 0.024500 0.102776
0 0.209750 0.418980 0.023500 0.114779
0 0.242500 0.420105 0.017000 0.106527
0 0.358250 0.407727 0.026500 0.098275
0 0.401250 0.417854 0.028500 0.124531
0 0.433250 0.355964 0.017500 0.095274
0 0.892500 0.270068 0.015000 0.091523
0 0.720750 0.238560 0.022500 0.090023
0 0.599750 0.201800 0.023500 0.084021
0 0.376250 0.234809 0.025500 0.085521
0 0.278250 0.254314 0.021500 0.075019
0 0.204250 0.228807 0.020500 0.082521
1 0.407250 0.717929 0.179500 0.240060
